[99.140625 61.875    47.90039  92.46094  88.50586   4.83398 ]
[24.521484 62.314453 41.220703 92.72461  88.41797   4.83398 ]
[-28.300781  97.99805   92.021484 102.91992  -87.36328    4.57031 ]
[ -25.839844   97.91016   104.15039    93.69141  -115.13672     4.57031 ]
[ -21.357422   97.55859   108.54492    89.64844  -111.00586    56.60156 ]
[ -21.269531   94.13086   125.06836    63.720703 -111.09375    56.77734 ]
[ -21.972656   94.30664   125.24414    68.291016 -113.99414    10.58984 ]
[ -21.972656   97.20703    98.61328    94.13086  -113.4668     10.67773 ]
[ 49.746094  96.416016  95.88867   91.40625  -94.48242   10.58984 ]
[ 88.06641   96.328125  99.052734  86.484375 -91.58203   10.15039 ]
[ 90.08789    96.328125  107.92969    36.035156  -91.58203    10.1953125]
[ 90.43945    96.240234  123.39844     3.1640625 -91.49414    10.1953125]
[ 95.009766   35.859375   63.984375    2.9882812 -91.49414    10.1953125]
[ 95.09766   30.146484  68.73047  -27.509766 -91.49414   10.371094]
[ 95.009766  26.191406  62.753906 -14.941406 -91.49414   10.283203]
[ 96.240234  21.796875  52.734375  -9.931641 -90.17578   33.310547]
[ 95.97656     43.945312    57.83203      0.52734375 -90.703125 33.310547  ]
